iteration 	 xl 	 xu 	 a 	 ret 

1		0	9	4.5	162.125
2		0	4.5	2.25	21.6406
3		0	2.25	1.125	-3.51367
4		1.125	2.25	1.6875	6.19604
5		1.125	1.6875	1.40625	0.691071
6		1.125	1.40625	1.26562	-1.56549
7		1.26562	1.40625	1.33594	-0.476798
8		1.33594	1.40625	1.37109	0.0971088
9		1.33594	1.37109	1.35352	-0.192335
10		1.35352	1.37109	1.3623	-0.0482378
11		1.3623	1.37109	1.3667	0.0242791
12		1.3623	1.3667	1.3645	-0.0120185
13		1.3645	1.3667	1.3656	0.00612052
14		1.3645	1.3656	1.36505	-0.00295141
15		1.36505	1.3656	1.36533	0.00158395
16		1.36505	1.36533	1.36519	-0.000683885
17		1.36519	1.36533	1.36526	0.000449992
18		1.36519	1.36526	1.36522	-0.000116956
19		1.36522	1.36526	1.36524	0.000166516
20		1.36522	1.36524	1.36523	2.47794e-05
21		1.36522	1.36523	1.36523	-4.60884e-05
22		1.36523	1.36523	1.36523	-1.06545e-05
23		1.36523	1.36523	1.36523	7.06244e-06
24		1.36523	1.36523	1.36523	-1.79604e-06
25		1.36523	1.36523	1.36523	2.6332e-06
26		1.36523	1.36523	1.36523	4.18582e-07
The exact foot is:  1.36523  The number os iterations used was:  26  