iter 	 xl 	 xu 	 xr 	 ret. 

1	0		9	0.0854701		-9.97016	
2	0.0854701		9	0.169878		-9.87966	
3	0.169878		9	0.252735		-9.72836	
4	0.252735		9	0.33357		-9.51781	
5	0.33357		9	0.411939		-9.25132	
6	0.411939		9	0.487445		-8.93377	
7	0.487445		9	0.55974		-8.5714	
8	0.55974		9	0.628536		-8.17146	
9	0.628536		9	0.693613		-7.7419	
10	0.693613		9	0.754815		-7.29096	
11	0.754815		9	0.812052		-6.8268	
12	0.812052		9	0.865296		-6.35717	
13	0.865296		9	0.914578		-5.88919	
14	0.914578		9	0.959975		-5.42913	
15	0.959975		9	1.00161		-4.98228	
16	1.00161		9	1.03963		-4.55296	
17	1.03963		9	1.07423		-4.14446	
18	1.07423		9	1.1056		-3.75914	
19	1.1056		9	1.13395		-3.39852	
20	1.13395		9	1.1595		-3.06336	
21	1.1595		9	1.18246		-2.75382	
22	1.18246		9	1.20305		-2.46952	
23	1.20305		9	1.22146		-2.20971	
24	1.22146		9	1.23791		-1.97333	
25	1.23791		9	1.25257		-1.75912	
26	1.25257		9	1.26561		-1.56569	
27	1.26561		9	1.2772		-1.39155	
28	1.2772		9	1.28749		-1.23523	
29	1.28749		9	1.29662		-1.09524	
30	1.29662		9	1.3047		-0.970143	
31	1.3047		9	1.31185		-0.858579	
32	1.31185		9	1.31817		-0.75925	
33	1.31817		9	1.32376		-0.670946	
34	1.32376		9	1.3287		-0.592549	
35	1.3287		9	1.33305		-0.523028	
36	1.33305		9	1.33689		-0.461443	
37	1.33689		9	1.34028		-0.406937	
38	1.34028		9	1.34327		-0.358735	
39	1.34327		9	1.3459		-0.316139	
40	1.3459		9	1.34822		-0.278519	
41	1.34822		9	1.35027		-0.245313	
42	1.35027		9	1.35206		-0.216018	
43	1.35206		9	1.35365		-0.190183	
44	1.35365		9	1.35504		-0.167408	
45	1.35504		9	1.35627		-0.147339	
46	1.35627		9	1.35735		-0.129657	
47	1.35735		9	1.3583		-0.114084	
48	1.3583		9	1.35913		-0.100371	
49	1.35913		9	1.35987		-0.0882977	
50	1.35987		9	1.36052		-0.0776705	
No root can be found. return is: -0.0776705  